63.0
78.66666666666667
42.666666666666664
64.0
68.0
67.0
62.333333333333336
70.66666666666667
76.33333333333333
81.33333333333333
50.333333333333336
59.0
43.333333333333336
69.0
52.666666666666664
52.666666666666664
52.0
59.333333333333336
56.0
41.0
53.0
59.333333333333336
54.666666666666664
72.33333333333333
54.333333333333336
67.33333333333333
61.0
67.0
72.0
66.33333333333333
34.666666666666664
49.666666666666664
75.66666666666667
49.333333333333336
44.0
59.333333333333336
46.333333333333336
47.666666666666664
76.66666666666667
74.33333333333333
47.666666666666664
66.0
57.0
71.33333333333333
51.333333333333336
53.333333333333336
50.333333333333336
41.666666666666664
74.0
54.666666666666664
64.0
63.333333333333336
67.0
59.0
87.33333333333333
45.666666666666664
47.666666666666664
60.666666666666664
62.965517241379324 55.89655172413792 59.91379310344828